100    821.6449    411.2291  22.8842
100   -162.9520    565.2087  23.0350
100   1178.6732    213.2759  24.7353
100   1044.9636   1004.6362  21.0308
100     -8.6364   1093.6239  21.6891
100   1219.3463   1054.4444  24.0879
100   1051.3563     -2.5731  23.2730
100   1119.3862    156.8474  22.5253
100    639.1333    810.2018  20.6213
100    761.1010    -75.2034  23.6259
100    460.9512    888.3685  25.4718
100    104.3383    -50.1626  25.7844
100    959.5451    775.9291  23.6447
100    585.2612    977.1578  25.7922
100   -155.0917    473.8691  25.7859
100     83.5081    711.0832  24.8866
100   1014.8526    833.8198  25.3905
100    906.9776   -161.2700  25.6035
100    106.7177    129.4915  20.2321
100   -137.6949    549.5362  24.1925
100    711.2016    188.7800  25.7051
100    645.0639    155.3763  25.0415
100    498.2053     73.8782  25.6454
100    753.1529    443.7569  22.9146
100   1131.7769   1137.7963  24.0720
100    927.4733    341.7985  25.7751
100   1162.2409    818.0040  19.8137
100    -23.7413    796.3530  23.3266
100    983.3473    -26.5460  25.8177
100   -108.7381    617.4917  24.8188
100     61.3646    367.1148  25.6082
100    621.7379    -76.7812  19.1366
100    456.1746    607.1691  21.6318
100    612.1912    858.0457  25.0758
100    157.0453    -31.6259  21.2073
100    586.1119    578.1454  22.6325
100    823.6197    624.4871  25.4815
100   1174.4044    710.9596  22.2010
100    466.7057   1048.2103  17.6233
100   1143.3219     -2.6514  25.5187
100    -15.2960    339.9120  20.2314
100    526.0845    433.9399  25.2457
100    330.0513    219.4189  22.9548
100    569.5595     61.1737  23.8427
100    460.9892    960.7693  25.0906
100     65.8968    302.5426  23.6120
100   1088.5610    462.2675  25.4918
100    594.7074   -190.0643  23.9245
100   -112.1916   1043.2651  25.3649
100    738.9090   1210.8589  24.6697
100    794.6703     46.6714  23.1744
100    243.1614     64.2453  24.9717
100    880.2641   1097.6978  22.9722
100    729.6190    678.4285  21.7907
100   -158.0440   1042.8853  24.5239
100    493.7228    436.1455  25.0335
100     20.5003   1218.5146  25.1938
100    935.4319   1014.5112  25.9359
100    634.0782    254.0267  25.9542
100    -39.4119    563.4452  25.6167
100     85.7193    303.4956  24.2305
100    965.7185    620.9012  25.4609
100   1108.0271    308.4049  23.3353
100   -180.9860    586.8094  25.3456
100   1186.5357    -63.3277  22.3155
100    -84.7068    -77.7374  25.2066
100     44.3795    147.5762  25.4734
100    752.4149    -31.3438  25.2932
100   -161.2745    326.7596  24.2981
100   1026.5112    185.4954  23.3408
100    798.6880     35.4107  25.9823
100   -158.1903    305.6306  25.7543
100    893.4403    859.8496  24.0873
100     -5.6075    770.2247  21.4964
100    126.9340   -162.2071  25.0740
100    812.4145    949.9617  25.7574
100    165.5430    464.7446  25.6418
100     51.2205    -90.0148  21.9117
100   -121.1339    -95.6246  20.4786
100    608.5320    730.4364  20.5656
100     35.9478     -8.9195  24.7714
100    -81.4566    588.2300  25.8956
100    -10.1120    169.9840  25.9724
100    969.1807   1171.7781  23.9110
100   1183.7619   -190.1856  25.9931
100    457.0840    446.1179  25.3110
100    -77.1041    835.0779  25.9617
100   1108.8569    604.9875  25.5967
100    -51.9257    118.2177  24.8397
100   -182.0681    642.4360  24.1377
100   1010.2837     -8.2617  22.1260
100    -74.9895     40.9792  20.2109
100    164.4257    646.8055  24.1937
100    192.3467    547.1808  25.9971
100    147.5178    755.4381  24.5813
100    587.8778    113.0846  25.3687
100   1113.9808   1116.8358  24.0318
100    203.3968   1098.8838  25.9141
100    979.9972    -61.9338  25.5933
100     15.8966   -144.7292  24.8359
100    862.7138    204.8393  22.8827
100     91.4675    126.3222  23.2843
100    -22.6081    142.3902  25.6729
100    463.0463    728.1590  24.4567
100    740.6836   1037.9023  22.2069
100     36.4006   -115.2673  24.6367
100    836.0355    127.9300  25.9556
100   1082.0945    232.2962  24.1896
100   1053.7463   -127.1066  22.9133
100    194.5256   1105.6357  24.3274
100    -64.9466    279.3858  25.6233
100   -140.1314   1218.1441  25.7318
100    724.0218   1133.7074  25.7899
100    491.4587   -168.9617  25.0816
100    817.6626    702.0548  25.5266
100    325.0912    493.4096  24.3707
100    119.9347    153.5413  25.9517
100    108.3748    734.5216  24.9627
100     -9.6433    925.6976  24.9992
100   1049.6711   -167.1652  21.4202
100   1167.7868    518.8843  24.8173
100   1032.7231    816.4914  24.8833
100    837.0756     12.1976  24.7362
100    312.5469    764.4008  22.7614
100    377.5701    548.6813  25.5940
100   -138.2250    888.7878  25.2414
100    358.9734    971.6727  22.8683
100    -85.9561    537.8805  24.7979
100     79.7991   1101.4156  22.5624
100    101.1917   1119.0684  20.0422
100   -110.8903    406.9034  23.6029
100    -14.7728    825.3212  25.7767
100    214.8356   1072.6547  24.6962
100   1189.6396    -63.5720  23.7303
100    538.1317   -118.4991  24.9988
100    -40.7892    731.9769  23.9402
100    544.1164   -181.3504  25.1935
100   1064.5503    863.5799  25.1549
100    954.6177    285.9355  23.2872
100    869.7558    574.5523  21.6984
100    938.4975     99.0469  21.3562
100   1120.7127    244.1633  23.7202
100    423.1091   1020.8596  19.4901
100    636.5179    289.6904  24.3770
100    648.4744    895.7336  25.5875
100    139.7353    439.0725  22.2446
100    581.3962    856.8859  24.5704
100    201.4783    479.6297  23.8583
100    117.5668    144.2380  17.8368
100    820.6746    448.8805  24.0242
100    508.5005    780.7306  25.5758
100   1022.0950    616.1913  20.4933
100    496.7587   1194.6232  23.4363
100    799.9822   1007.6797  22.4102
100   1169.0544    597.6287  25.0482
100    -12.7954    409.5830  25.7075
100   1100.6125    834.8360  25.5721
100   1182.0333   1205.9300  24.3218
100    482.9698    270.8190  24.3023
100    852.8554    803.0040  23.3518
100    859.8686   -165.2222  25.0432
100    -15.2843    147.6953  23.1883
100    804.6113    147.0922  17.1852
100    187.3727      7.5588  25.1801
100    497.6096   -191.6184  21.3421
100   -178.3147    186.9046  25.1932
100   1170.8180    -37.5451  23.1423
100   1164.5320    307.0491  23.8492
100    413.9934    825.0496  21.1503
100      2.8328    560.8406  25.0885
100     -7.5489    584.5586  24.0265
100    979.3370    242.3867  24.3952
100    746.1214    -91.9512  25.7381
100    887.4060    467.0864  19.0465
100     25.3492    485.3680  21.9893
100    323.0693     68.9772  25.1690
100    -72.0884    146.4475  25.5368
100     31.8121   1062.1624  25.0829
100    291.6270    764.6894  24.6808
100    254.4538    -15.3877  23.1375
100    267.2461    936.3678  22.0293
100    474.2560    561.2862  23.1874
100    504.8305    -52.1594  18.5248
100    385.9763    677.1280  24.5672
100   1109.6853    -19.5440  24.7254
100    -17.7658   1069.2693  22.1678
100     69.7802    844.7710  25.5255
100    123.9423    603.6921  25.8425
100    334.2674    725.3880  25.2322
100   1135.0613    -77.0000  19.7517
100    875.9835    368.9184  24.9421
100    258.8113    477.6319  25.1860
100   1186.8345    -48.1747  25.7973
100    875.4859   -111.4533  24.0144
100    987.4784      4.8721  23.2415
